i = [ 0 0 0 0 0 0]
i(5)+2